date,open,high,low,close,volume
2023-02-09,3840,3880,3750,3780,155618
2023-02-10,3785,3785,3650,3725,199322
2023-02-13,3780,3780,3655,3725,68893
2023-02-14,3725,3800,3705,3750,115366
2023-02-15,3830,3830,3715,3770,116903
2023-02-16,3750,3770,3725,3760,118323
2023-02-17,3730,3730,3490,3585,408991
2023-02-20,3580,3600,3470,3595,103721
2023-02-21,3635,3635,3540,3570,93669
2023-02-22,3570,3570,3490,3510,128459
2023-02-23,3510,3600,3490,3600,134727
2023-02-24,3600,3640,3525,3595,61572
2023-02-27,3565,3565,3490,3515,64355
2023-02-28,3505,3595,3505,3555,55586
2023-03-02,3525,3590,3515,3580,66501
2023-03-03,3600,3640,3560,3640,81781
2023-03-06,3625,3650,3585,3625,85047
2023-03-07,3625,3625,3500,3525,136198
2023-03-08,3520,3555,3480,3520,102135
2023-03-09,3525,3550,3480,3535,55893
2023-03-10,3475,3520,3465,3490,111137
2023-03-13,3455,3490,3420,3480,90873
2023-03-14,3480,3480,3340,3365,198326
2023-03-15,3445,3445,3290,3330,74287
2023-03-16,3330,3425,3290,3380,58849
2023-03-17,3380,3455,3375,3445,137981
2023-03-20,3455,3480,3385,3430,62818
2023-03-21,3405,3425,3330,3370,96072
2023-03-22,3375,3400,3320,3385,74869
2023-03-23,3330,3385,3305,3310,119333
2023-03-24,3315,3505,3315,3440,171342
2023-03-27,3450,3475,3365,3410,87840
2023-03-28,3370,3540,3370,3480,187926
2023-03-29,3515,3515,3410,3460,102713
2023-03-30,3540,3710,3530,3600,1003232
2023-03-31,3620,3665,3430,3560,332404
2023-04-03,3560,3560,3430,3495,211296
2023-04-04,3460,3505,3450,3470,128457
2023-04-05,3460,3495,3440,3455,128039
2023-04-06,3420,3500,3340,3355,190752
2023-04-07,3385,3470,3380,3430,235717
2023-04-10,3445,3445,3350,3375,157388
2023-04-11,3395,3475,3350,3440,153398
2023-04-12,3445,3445,3355,3400,120344
2023-04-13,3400,3400,3325,3375,89772
2023-04-14,3400,3435,3370,3395,109826
2023-04-17,3440,3540,3405,3490,551096
2023-04-18,3490,3490,3420,3420,178725
2023-04-19,3420,3465,3405,3420,358212
2023-04-20,3420,3425,3320,3345,254758
2023-04-21,3315,3390,3250,3350,240974
2023-04-24,3365,3365,3265,3290,128554
2023-04-25,3280,3300,3105,3180,332151
2023-04-26,3200,3225,3140,3170,89498
2023-04-27,3190,3190,3120,3175,60653
2023-04-28,3175,3180,3105,3150,135656
2023-05-02,3140,3185,3130,3170,58388
2023-05-03,3150,3235,3120,3210,124297
2023-05-04,3215,3230,3155,3200,37326
2023-05-08,3200,3245,3180,3195,79008
2023-05-09,3195,3195,3110,3140,56968
2023-05-10,3140,3170,3115,3135,52545
2023-05-11,3135,3140,3105,3120,94095
2023-05-12,3100,3130,3080,3110,74951
2023-05-15,3085,3085,2915,2970,229195
2023-05-16,2965,3000,2910,2940,113102
2023-05-17,2940,2975,2880,2970,127956
2023-05-18,2970,3040,2970,3035,85140
2023-05-19,3100,3190,3070,3155,245952
2023-05-22,3155,3190,3105,3150,95904
2023-05-23,3175,3175,3100,3120,124742
2023-05-24,3095,3110,3035,3075,83059
2023-05-25,3100,3130,3025,3080,110988
2023-05-26,3080,3290,3080,3150,593548
2023-05-30,3280,3300,3165,3275,661999
2023-05-31,3295,3295,3170,3220,255178
2023-06-01,3180,3235,3165,3200,302367
2023-06-02,3210,3250,3155,3185,329434
2023-06-05,3200,3220,3160,3185,194703
2023-06-07,3185,3205,3165,3185,181206
2023-06-08,3185,3200,3145,3180,193698
2023-06-09,3185,3425,3185,3375,946940
2023-06-12,3370,3400,3300,3335,286610
2023-06-13,3360,3420,3350,3390,173744
2023-06-14,3405,3420,3255,3300,328478
2023-06-15,3320,3490,3315,3480,570674
2023-06-16,3490,3545,3430,3495,391154
2023-06-19,3495,3565,3445,3475,572108
2023-06-20,3535,3535,3450,3520,357856
2023-06-21,3520,3565,3455,3470,290310
2023-06-22,3420,3490,3410,3445,185897
2023-06-23,3485,3550,3415,3460,232014
2023-06-26,3495,3495,3355,3470,193034
2023-06-27,3450,3450,3355,3380,193429
2023-06-28,3400,3465,3370,3430,204204
2023-06-29,3440,3490,3420,3435,228494
2023-06-30,3630,4100,3405,3405,12606947
2023-07-03,3435,3690,3420,3560,1804666
2023-07-04,3895,4270,3680,3875,16579397
2023-07-05,4095,4100,3810,3940,3465558
2023-07-06,3895,3895,3700,3820,1803076
2023-07-07,3970,4080,3850,3920,3791566
2023-07-10,3855,4335,3700,4185,9936061
2023-07-11,4105,4410,4015,4200,4284508
2023-07-12,4120,4245,4080,4100,989365
2023-07-13,4150,4375,4065,4115,2841473
2023-07-14,4600,5340,4515,5340,20411174
2023-07-17,5700,6780,5390,6060,39949081
2023-07-18,5880,6110,5700,5860,5068392
2023-07-19,5820,5840,5450,5630,3585638
2023-07-20,5580,5700,5320,5670,2819875
2023-07-21,5450,5470,5180,5210,2359876
2023-07-24,5130,5240,4920,5010,2514371
2023-07-25,5010,5170,4730,4830,3164992
2023-07-26,4830,4990,4350,4550,3569476
2023-07-27,4595,5150,4595,5060,4360721
2023-07-28,4910,4945,4440,4500,3699809
2023-07-31,4495,4660,4350,4555,2411463
2023-08-01,4555,4880,4540,4650,3032709
2023-08-02,4625,5100,4625,4700,4295754
2023-08-03,4615,4630,4370,4450,1695253
2023-08-04,4405,4565,4250,4270,1433931
2023-08-07,4260,4330,4135,4255,1235532
2023-08-08,4280,4315,4165,4240,599517
2023-08-09,4195,4335,4185,4295,467893
2023-08-10,4225,4255,4065,4140,674653
2023-08-11,4140,4300,4105,4130,916026
2023-08-14,4150,4260,4055,4180,566780
2023-08-16,4225,4225,3990,4000,621220
2023-08-17,3910,4040,3855,4000,659182
2023-08-18,3895,4070,3835,4035,624364
2023-08-21,4005,4060,3915,4000,380028
2023-08-22,4150,4510,3810,3820,2737800
2023-08-23,3820,3950,3820,3860,694979
2023-08-24,3905,4045,3905,3960,685722
2023-08-25,3930,4180,3855,4160,819339
2023-08-28,4270,4410,4235,4275,2207642
2023-08-29,4335,4350,4210,4320,849543
2023-08-30,4405,4500,4330,4425,1427538
2023-08-31,4485,4490,4325,4395,714534
2023-09-01,4395,4670,4330,4625,2163814
2023-09-04,4700,4715,4405,4415,1084119
2023-09-05,4400,4400,4280,4335,617759
2023-09-06,4340,4460,4225,4295,1162156
2023-09-07,4250,4670,4250,4575,2642185
2023-09-08,4620,4660,4375,4400,1480638
2023-09-11,4410,4500,4310,4360,802155
2023-09-12,4385,4450,4310,4310,581594
2023-09-13,4320,4420,4085,4085,781361
2023-09-14,4085,4395,4085,4385,1027896
2023-09-15,4365,4370,4250,4260,389788
2023-09-18,4190,4260,4090,4135,389605
2023-09-19,4135,4155,3985,3995,411644
2023-09-20,4010,4035,3910,4000,305227
2023-09-21,3930,3995,3855,3855,306082
2023-09-22,3755,3875,3745,3805,294899
2023-09-25,3780,3965,3755,3820,287082
2023-09-26,3825,3880,3760,3780,205956
2023-09-27,3710,3925,3705,3910,206238
2023-10-04,3785,3855,3685,3685,374827
2023-10-05,3760,3815,3680,3680,253849
2023-10-06,3660,3820,3650,3780,126169
2023-10-10,3810,3870,3645,3680,207035
2023-10-11,3745,3900,3745,3880,201943
2023-10-12,3890,4000,3885,3965,217136
2023-10-13,3920,3975,3860,3900,233635
2023-10-16,3890,3890,3710,3805,315154
2023-10-17,3845,4165,3845,4150,1217946
2023-10-18,4200,4200,4015,4075,1076008
2023-10-19,3995,4000,3800,3800,510974
2023-10-20,3725,3780,3600,3675,495781
2023-10-23,3625,3775,3625,3630,284960
2023-10-24,3660,3815,3595,3800,280561
2023-10-25,3840,3960,3760,3825,299552
2023-10-26,3700,3720,3625,3645,260628
2023-10-27,3650,3710,3590,3665,228330
2023-10-30,3610,3670,3595,3635,160720
2023-10-31,3635,3715,3470,3500,361527
2023-11-01,3530,3595,3510,3510,190061
2023-11-02,3600,3860,3600,3825,550678
2023-11-03,3850,3935,3845,3900,245069
2023-11-06,3940,3990,3815,3990,329721
2023-11-07,4015,4085,3910,4005,327112
2023-11-08,4080,4085,3945,3965,266544
2023-11-09,3975,4040,3945,3950,149637
2023-11-10,3900,4045,3880,3995,192832
2023-11-13,4035,4035,3670,3800,458674
2023-11-14,3815,3925,3805,3885,93680
2023-11-15,3940,4045,3900,4025,301054
2023-11-16,4025,4080,3945,4070,231495
2023-11-17,4080,4095,3985,4090,409507
2023-11-20,4090,4135,4050,4090,207483
2023-11-21,4095,4115,4005,4005,256985
2023-11-22,4030,4130,4010,4055,247653
2023-11-23,4090,4090,3925,3955,214751
2023-11-24,3950,3995,3900,3955,139460
2023-11-27,3995,4015,3900,3990,206554
2023-11-28,3990,4110,3885,4100,309685
2023-11-29,4115,4150,4065,4125,307350
2023-11-30,4140,4150,4080,4105,201976
2023-12-01,4100,4150,4035,4065,192189
2023-12-04,4090,4090,3925,3930,275654
2023-12-05,3890,3970,3800,3850,337260
2023-12-06,3855,3925,3790,3920,191767
2023-12-07,3890,3945,3835,3920,220255
2023-12-08,3940,4080,3925,4075,277342
2023-12-11,4130,4150,4045,4060,278605
2023-12-12,4060,4865,4060,4715,12678001
2023-12-13,4590,6120,4510,6120,20172688
2023-12-14,7240,7950,6730,7030,48572760
2023-12-15,7030,7030,6300,6330,10697114
2023-12-18,6740,7190,6710,7120,16598043
2023-12-19,6870,7380,6580,7180,7595654
2023-12-20,7060,7500,6830,7500,4091147
2023-12-21,7180,7430,6930,7210,4312916
2023-12-22,7400,7650,6980,7000,4113219
2023-12-26,7000,7310,6850,7200,2828066
2023-12-27,7200,7470,7120,7390,3006540
2023-12-28,7270,7990,7060,7850,5817290
2024-01-02,7880,9750,7660,9300,13105290
2024-01-03,8990,10450,8840,10200,9020540
2024-01-04,10230,11940,8760,9540,13053920
2024-01-05,9340,10980,9250,10980,8148971
2024-01-08,11300,11850,10300,11540,5637124
2024-01-09,11900,13080,11000,11620,8249085
2024-01-10,11690,11690,10750,11130,2977816
2024-01-11,10300,10680,9500,9810,6087593
2024-01-12,9810,10970,9650,10300,6377151
2024-01-15,10530,12480,10400,12110,13430078
2024-01-16,12020,12180,11230,11580,4212609
2024-01-17,11140,11250,10490,10640,3566635
2024-01-18,10430,10770,9940,10230,3331485
2024-01-19,10870,11670,10750,11080,7504165
2024-01-22,11700,14400,11500,14270,24076081
2024-01-23,13790,14350,13050,13150,9013741
2024-01-24,13250,13920,12400,13800,6322576
2024-01-25,14330,14980,12560,12750,8153849
2024-01-26,11800,12730,11750,12260,4226015
2024-01-29,12580,13240,11690,12110,4794009
2024-01-30,12220,12320,10760,11290,4137959
2024-01-31,11320,11570,10360,10510,3095995
2024-02-01,10530,10630,9870,10180,3063023
2024-02-02,10500,10650,9870,9990,2793856
2024-02-05,10090,10090,9460,9480,2290409
2024-02-06,9430,9850,8870,9510,4728069
2024-02-07,9490,9500,8950,9200,2130311
2024-02-08,9370,10930,9320,10600,9215200
2024-02-13,11100,11440,10830,11010,4019105
2024-02-14,10520,14310,10510,14250,27550733
2024-02-15,14370,15560,13500,14160,21743275
2024-02-16,14350,14760,13210,14480,9619390
2024-02-19,14030,14680,13660,14150,5279946
2024-02-20,14450,14880,13580,14010,4962177
2024-02-21,13330,13770,12880,13280,4075646
2024-02-22,13950,14000,13200,13790,3087080
2024-02-23,14100,14740,13370,13460,4840669
2024-02-26,13200,13560,12500,12590,2317109
2024-02-27,12570,13100,12130,12650,2890453
2024-02-28,12500,13740,12300,13400,3197275
2024-02-29,13120,13770,12630,13220,3016611
2024-03-04,13650,14300,13580,13640,4939831
2024-03-05,14220,15260,13620,13840,11756287
2024-03-06,13600,16290,13440,14950,29389556
2024-03-07,16020,17150,15100,15390,24912910
2024-03-08,15600,15940,14650,14740,5550996
2024-03-11,14210,14580,14010,14340,2557764
2024-03-12,14110,15800,14000,15800,10968799
2024-03-13,16620,16900,14830,14970,7626974
2024-03-14,14810,15570,14700,15370,2817173
2024-03-15,14910,16120,14600,16050,5820706
2024-03-18,16100,16230,15670,16180,4033245
2024-03-19,15750,15810,15250,15270,2389602
2024-03-20,15340,16140,15110,15810,7040029
2024-03-21,16000,16120,15070,15070,3041628
2024-03-22,15300,15630,14300,14300,3299683
2024-03-25,14060,14830,13770,13830,2123337
2024-03-26,14000,15100,13980,14350,5011923
2024-03-27,14300,14300,13290,13630,2518455
2024-03-28,14180,14440,13710,13760,2816923
2024-03-29,14000,14110,13540,13670,1408574
2024-04-01,13970,13980,13500,13520,1045666
2024-04-02,13650,15730,13640,14680,20691378
2024-04-03,14900,14900,13700,13810,2828169
2024-04-04,14020,14310,13750,13810,2218017
2024-04-05,13360,13540,12900,12940,1727508
2024-04-08,13090,13160,11920,11940,2386674
2024-04-09,11940,12190,11550,11670,1079879
2024-04-11,11790,11900,11490,11660,759531
2024-04-12,11860,12650,11690,12220,1604904
2024-04-15,11790,11970,11510,11610,933456
2024-04-16,11780,11950,10880,10920,1239569
2024-04-17,10920,11190,10820,10920,812955
2024-04-18,10800,12430,10680,12190,3816272
2024-04-19,11850,11970,11020,11370,1174344
2024-04-22,11000,11230,10750,10900,723432
2024-04-23,11290,11400,10840,10860,503836
2024-04-24,11240,11560,11210,11280,754458
2024-04-25,11100,12450,11010,11810,3234303
2024-04-26,11920,11930,11550,11680,802274
2024-04-29,11850,12020,11560,11690,628970
2024-04-30,11680,12140,11540,11860,926587
2024-05-02,11710,11750,11110,11130,958162
2024-05-03,11600,12140,11140,11140,1876473
2024-05-07,11490,11550,11190,11220,616504
2024-05-08,11110,11290,11000,11130,434467
2024-05-09,11140,11170,10800,10810,618049
2024-05-10,10870,10900,10450,10470,601381
2024-05-13,10490,10680,10130,10590,712816
2024-05-14,10540,10570,10230,10370,480053
2024-05-16,10690,10940,10550,10770,853117
2024-05-17,10770,10770,10300,10310,447359
2024-05-20,10560,10560,9970,10130,609293
2024-05-21,10190,10280,9990,10170,476343
2024-05-22,10220,10490,10010,10360,610738
2024-05-23,10460,10660,10050,10150,682776
2024-05-24,10050,10150,9870,9960,433719
2024-05-27,9900,10060,9690,9890,660557
2024-05-28,9830,10430,9710,9900,1020299
2024-05-29,10000,10350,9820,9900,719026
2024-05-30,9800,9800,9350,9520,539081
2024-05-31,9460,9640,9390,9530,348590
2024-06-03,9490,9750,9370,9560,575902
2024-06-04,9650,9650,9200,9230,542753
2024-06-05,9500,11500,9480,11280,14877365
2024-06-07,11100,11670,10980,11470,4576409
2024-06-10,11220,11590,11130,11260,1528151
2024-06-11,11270,11380,10630,10770,1252319
2024-06-12,10770,10870,10450,10660,871719
2024-06-13,10800,11420,10770,11140,2009997
2024-06-14,11100,11130,10410,10840,1088490
2024-06-17,11020,11390,10800,10800,1433806
2024-06-18,10960,11450,10900,10920,1352976
2024-06-19,10950,11420,10950,11400,1739165
2024-06-20,11400,11410,10660,10820,1221539
2024-06-21,10700,10730,10090,10250,1034233
2024-06-24,10220,11330,10070,10980,2295315
2024-06-25,10760,11870,10700,11490,3769836
2024-06-26,12000,12330,11520,12270,4296781
2024-06-27,12410,13270,11530,11670,4653432
2024-06-28,11680,13070,11650,13070,7444811
2024-07-01,14630,15460,13820,14010,15567740
2024-07-02,13980,14590,13650,14210,5181355
2024-07-03,14210,14850,13530,14850,6689933
2024-07-04,16480,17270,15500,15530,24772290
2024-07-05,15530,16030,15110,15560,5438440
2024-07-08,15210,15320,14100,14830,5179793
2024-07-09,15200,15510,14450,14490,3415651
2024-07-10,14350,14930,14110,14510,1991095
2024-07-11,14510,14650,13480,13480,2228607
2024-07-12,13210,13450,12700,13090,2120904
2024-07-15,13090,13690,12600,13350,2308586
2024-07-16,13150,13380,12860,13040,1176503
2024-07-17,13280,13740,12410,12410,2298484
2024-07-18,11700,14200,11620,13320,7092353
2024-07-19,13220,14670,13200,14450,10057028
2024-07-22,14310,14370,13630,13880,2392615
2024-07-23,14490,14630,13540,13540,2972409
2024-07-24,13540,14070,13130,13500,2087719
2024-07-25,12990,13480,12640,12800,1341236
2024-07-26,12750,13400,12320,12700,1782754
2024-07-29,12810,13680,12650,13360,2295738
2024-07-30,13120,13170,12600,12610,1093522
2024-07-31,12600,13300,12230,13230,1679120
2024-08-01,13760,13890,12930,12950,1691726
2024-08-02,12370,12420,11620,11640,1335480
2024-08-05,11080,11080,8610,9620,2106886
2024-08-06,10000,10450,9960,10060,1718409
2024-08-07,10210,10720,10010,10520,1925649
2024-08-08,10170,10330,9970,10040,1006255
2024-08-09,10660,10730,10220,10330,1003865
2024-08-12,10330,10690,10280,10500,828832
2024-08-13,10620,10640,10040,10150,695933
2024-08-14,10510,10900,10450,10500,1263157
2024-08-16,10510,10960,10330,10440,1474448
2024-08-19,10640,10650,10100,10110,649633
2024-08-20,10370,10740,10360,10450,853531
2024-08-21,10250,10350,10040,10230,461277
2024-08-22,10300,10300,9970,10050,520439
2024-08-23,9900,10100,9830,10050,388414
2024-08-26,10220,10230,9750,9780,535189
2024-08-27,9750,9770,9510,9760,384991
2024-08-28,9820,9930,9500,9890,639945
2024-08-29,9510,9540,9300,9310,628753
2024-08-30,9350,9380,9180,9290,378568
2024-09-02,9230,9310,8940,9000,498210
2024-09-03,9020,9050,8630,8630,595558
2024-09-04,7900,8280,7890,8120,686442
2024-09-05,8130,8300,7850,7920,546654
2024-09-06,7890,7980,7580,7720,564357
2024-09-09,7520,8250,7420,8160,644419
2024-09-10,8320,8320,8140,8200,373624
2024-09-11,8160,8320,8060,8120,305386
2024-09-12,8560,9890,8450,9250,5777445
2024-09-13,9140,9260,8800,8800,604198
2024-09-19,8790,8790,8160,8630,629214
2024-09-20,9080,9400,8370,8400,1113140
2024-09-23,8260,8580,8200,8430,378235
2024-09-24,8450,8580,8350,8560,329187
2024-09-25,8660,9030,8590,8620,691726
2024-09-26,9150,11200,8910,11200,19667370
2024-09-27,11350,11750,11130,11380,8865718
2024-09-30,11100,12190,10840,11550,7817035
2024-10-02,11290,11630,11170,11210,1727759
2024-10-04,11380,12390,11250,11280,6840347
2024-10-07,11380,11740,11040,11550,2733575
2024-10-08,11300,12130,11250,11330,3247773
2024-10-10,11650,11910,11330,11530,2901981
2024-10-11,11650,12240,11500,11710,3952933
2024-10-14,11880,12750,11800,12080,6070327
2024-10-15,12440,12530,11780,11830,2341778
2024-10-16,11270,11710,11140,11440,1423343
2024-10-17,11570,11660,11060,11400,1120855
2024-10-18,11480,11520,10500,10500,1394863
2024-10-21,10510,10700,10180,10480,710144
2024-10-22,10530,10780,10100,10110,902866
2024-10-23,10060,11850,9910,11300,7108191
2024-10-24,11060,11640,10950,11150,2302429
2024-10-25,11260,11530,10910,11100,1385834
2024-10-28,11210,11920,11150,11790,3345812
2024-10-29,11680,12270,11430,11760,2614314
2024-10-30,11770,12050,11310,11410,987011
2024-10-31,11100,12710,11040,11400,8035631
2024-11-01,11150,11620,11130,11130,1146930
2024-11-04,11310,11810,11290,11480,1853329
2024-11-05,11450,11550,11300,11360,775365
2024-11-06,11510,11900,10360,10570,2053815
2024-11-07,10720,10900,10400,10690,848963
2024-11-08,10820,10940,10620,10620,732706
2024-11-11,10500,10550,9810,10060,1083985
2024-11-12,9990,10050,9580,9740,861653
2024-11-13,9620,9830,9330,9370,679929
2024-11-14,9370,9940,9360,9420,1040479
2024-11-15,9420,9920,9420,9650,1112791
2024-11-18,9940,9990,9460,9540,699012
2024-11-19,9460,9650,9430,9500,384739
2024-11-20,9690,9730,9300,9390,339690
2024-11-21,9350,9940,9220,9630,702063
2024-11-22,9760,10180,9710,10150,842677
2024-11-25,10400,10540,10090,10350,651694
2024-11-26,10360,10500,10100,10250,319511
2024-11-27,10180,10350,9820,10240,530069
2024-11-28,10210,10330,10050,10220,268559
2024-11-29,10230,10270,9760,9890,398155
2024-12-02,9950,10240,9720,9900,344469
2024-12-03,9840,10140,9610,9670,518773
2024-12-04,9300,9600,9280,9400,450862
2024-12-05,9410,9840,9390,9580,589585
2024-12-06,9510,9560,8500,9000,817916
2024-12-09,8610,8720,8190,8190,619840
2024-12-10,8200,8750,8200,8730,436708
2024-12-11,8630,8970,8630,8950,326843
2024-12-12,9050,9650,8830,9380,1444463
2024-12-13,9440,9490,9020,9390,563644
2024-12-16,9500,9700,9350,9390,304690
2024-12-17,9470,9750,9370,9680,454487
2024-12-18,9610,9870,9510,9680,373884
2024-12-19,9330,9460,9240,9350,247640
2024-12-20,9480,9480,8800,8870,370075
2024-12-23,9020,9550,9020,9310,486217
2024-12-24,9460,9490,9090,9110,326291
2024-12-26,9180,9210,8850,8890,269915
2024-12-27,8800,9110,8700,8800,287427
2024-12-30,8790,8850,8590,8740,214224
2025-01-02,8660,9080,8530,9020,273827
2025-01-03,8980,10140,8920,9940,1900352
2025-01-06,10210,10360,10070,10320,1044911
2025-01-07,10530,11250,10090,10090,2413558
2025-01-08,10050,10510,9920,10420,911995
2025-01-09,10650,10800,10150,10180,920263
2025-01-10,10270,10320,10110,10170,384700
2025-01-13,10100,10380,9930,9960,537570
2025-01-14,10050,10120,9910,9990,262804
2025-01-15,10050,10280,9950,9970,280244
2025-01-16,10190,10270,9980,10050,458888
2025-01-17,9990,10160,9930,10100,319547
2025-01-20,10300,10800,10100,10540,1872782
2025-01-21,10450,10870,10110,10390,1412547
2025-01-22,10420,10700,10220,10670,859716
2025-01-23,10670,10830,10160,10200,628327
2025-01-24,10250,10430,10030,10060,563739
2025-01-31,9780,9830,9390,9420,692156
2025-02-03,9050,9130,8570,8570,736943
2025-02-04,8830,9180,8780,8880,457537
2025-02-05,8930,9250,8930,9180,324918
2025-02-06,9370,9580,9080,9570,442947
2025-02-07,9550,10410,9410,10100,1997349
2025-02-10,10000,10550,9600,10450,994665
2025-02-11,10460,10460,10160,10160,554773
2025-02-12,10180,10310,9880,9960,463305
2025-02-13,9960,10320,9920,10040,453521
2025-02-14,11600,13000,10910,12440,21885722
2025-02-17,12740,13250,12460,12650,6970494
2025-02-18,12650,12930,12520,12860,2856731
2025-02-19,12960,13370,12400,12710,3821706
2025-02-20,12840,13350,12560,12990,5132092
2025-02-21,12750,12760,11950,12020,2211660
2025-02-24,11700,12430,11570,12050,1604449
2025-02-25,11730,12290,11690,12020,790775
2025-02-26,11890,12070,11550,11680,863712
2025-02-27,11810,11910,11260,11320,883774
2025-02-28,10840,11090,10800,10900,722815
2025-03-04,10560,10890,10390,10750,425665
2025-03-05,10890,11040,10660,10830,458028
2025-03-06,10890,11000,10320,10430,528527
2025-03-07,10350,10790,10200,10500,547225
2025-03-10,10500,10740,10370,10450,311694
2025-03-11,9980,10570,9970,10550,407935
2025-03-12,10620,11250,10500,11010,1153239
2025-03-13,11370,11370,10710,10800,802460
2025-03-14,10750,11230,10730,11030,655810
2025-03-17,11200,11550,11170,11290,917809
2025-03-18,11490,11520,11100,11160,409659
2025-03-19,11100,11570,10960,11380,988340
2025-03-20,11510,11660,11160,11170,644295
2025-03-21,11270,11610,11160,11170,1057991
2025-03-24,11280,11330,10890,10950,247717
2025-03-25,11070,11150,10500,10530,280455
2025-03-26,10450,10750,10380,10700,236091
2025-03-27,10470,10540,10220,10220,193119
2025-03-28,10210,10280,9840,9910,251913
2025-03-31,9520,9740,9090,9110,515813
2025-04-01,9350,9660,9190,9550,298971
2025-04-02,9590,9680,9220,9240,223307
2025-04-03,8920,9310,8890,9210,148216
2025-04-04,8940,9480,8930,9220,258830
2025-04-07,8890,8950,8600,8600,296379
2025-04-08,8950,9150,8610,8640,261158
2025-04-09,8480,8700,8260,8390,269676
2025-04-10,9160,9160,8750,9050,242136
2025-04-11,8820,9240,8810,9220,181358
2025-04-14,9450,9470,9250,9370,166915
2025-04-15,9370,9510,9300,9410,136900
2025-04-16,9260,9300,8920,8960,190024
2025-04-17,8850,9100,8850,9100,134515
2025-04-18,9100,9110,8970,9080,112844
2025-04-21,9060,9330,8990,9060,142651
2025-04-22,8970,9070,8930,8990,169018
2025-04-23,9330,9390,9130,9370,292954
2025-04-24,10150,10470,9620,9640,964108
2025-04-25,9940,10500,9880,10370,1270090
2025-04-28,10470,10630,10170,10320,632367
2025-04-29,10360,10380,10120,10200,379564
2025-04-30,10320,10380,9900,10000,297078
2025-05-02,10100,10100,9860,9910,252855
2025-05-07,9990,10110,9920,10100,196485
2025-05-08,10250,10320,9980,10030,307200
2025-05-09,10090,10090,9710,9900,221475
2025-05-12,10050,10270,9840,10260,330165
2025-05-13,10520,10520,9980,10100,369522
2025-05-14,10250,10350,10170,10280,314935
2025-05-15,10240,10260,9900,9910,303580
2025-05-16,9980,9990,9750,9770,183182
2025-05-19,9650,9710,9410,9540,198537
2025-05-20,9650,9800,9610,9630,159182
2025-05-21,9680,9690,9530,9550,134525
2025-05-22,9410,9490,9250,9320,201294
2025-05-23,9320,9380,9130,9160,141898
2025-05-26,9030,9450,9030,9310,133062
2025-05-27,9340,9370,9190,9260,115442
2025-05-28,9390,10200,9360,9600,1137139
2025-05-29,9870,9890,9600,9700,241611
2025-05-30,9570,9620,9390,9390,207900
2025-06-02,9410,9470,9270,9300,133852
2025-06-04,9480,9610,9430,9460,194987
2025-06-05,9510,9810,9460,9630,279412
2025-06-09,9790,9820,9570,9580,199810
2025-06-10,9650,9700,9480,9550,174394
2025-06-11,9630,9870,9600,9790,283561
2025-06-12,9720,9850,9590,9690,268110
2025-06-13,9780,9810,9320,9450,375211
2025-06-16,9360,9450,9280,9390,111632
2025-06-17,9460,9850,9350,9450,342193
2025-06-18,9440,9550,9370,9480,127902
2025-06-19,9670,9670,9440,9470,139128
2025-06-20,9490,9570,9390,9490,161890
2025-06-23,9270,9270,8990,9140,235502
2025-06-24,9400,9580,9370,9510,254152
2025-06-25,9760,9780,9510,9640,268189
2025-06-26,9920,10090,9560,9730,1035811
2025-06-27,9750,9750,9380,9440,275692
2025-06-30,9370,9430,9240,9290,155587
2025-07-01,9320,9470,9290,9290,147839
2025-07-02,9260,9310,9110,9290,183604
2025-07-03,9380,9550,9360,9460,199722
2025-07-04,9520,9520,9260,9290,132515
2025-07-07,9240,9250,9160,9200,105434
2025-07-08,9120,9250,9060,9150,136324
2025-07-09,9130,9130,8970,8990,173064
2025-07-10,9100,9120,8480,8870,214793
2025-07-11,8930,9070,8880,8890,141271
2025-07-14,8560,8920,8560,8710,138825
2025-07-15,8630,8850,8630,8840,125960
2025-07-16,8990,9020,8810,8860,130053
2025-07-17,8870,9190,8720,9100,235078
2025-07-18,9040,9040,8910,8940,98127
2025-07-21,8870,8970,8860,8930,87890
2025-07-22,8920,8940,8710,8750,131475
2025-07-23,8720,8730,8500,8600,115908
2025-07-24,8670,8770,8510,8520,91708
2025-07-25,8460,8530,8390,8390,89153
2025-07-28,8450,8970,8410,8820,227512
2025-07-29,9000,9000,8610,8760,141418
2025-07-30,8700,8915,8670,8750,164459
2025-07-31,8850,8860,8560,8570,125146
2025-08-01,8560,8560,8180,8210,168193
2025-08-04,8110,8260,8110,8240,76367
2025-08-05,8290,8420,8250,8320,74756
2025-08-06,8220,8350,8160,8300,71858
2025-08-07,8450,8460,8320,8330,56578
2025-08-08,8330,8600,8330,8400,84384
2025-08-11,8480,8590,8430,8510,66944
2025-08-12,8510,9120,8510,8790,620861
2025-08-13,8910,9050,8750,8820,214325
2025-08-14,8740,8830,8710,8720,102266
2025-08-18,8600,8660,8320,8360,133001
2025-08-19,8280,8390,8130,8170,92660
2025-08-20,8020,8060,7820,8020,124724
2025-08-21,8090,8100,7810,7950,88448
2025-08-22,7870,8010,7850,7920,82608
2025-08-25,7930,8070,7930,8010,64357
2025-08-26,7970,8110,7950,8010,74500
2025-08-27,8030,8080,7950,7990,68727
2025-08-28,7980,8060,7900,7980,67332
2025-08-29,8030,8060,7900,7910,76501
2025-09-01,7820,7830,7640,7720,105651
2025-09-02,7660,7760,7610,7680,92635
2025-09-03,7610,7760,7610,7750,77639
2025-09-04,7860,8000,7800,7910,88460
2025-09-05,8500,9080,8290,8290,1484852
2025-09-08,8570,8650,8380,8420,205502
2025-09-09,9500,9500,8670,9160,1156430
2025-09-10,9400,9400,9120,9200,484879
2025-09-11,9290,9430,9040,9240,930224
2025-09-12,9370,9400,9160,9190,420305
2025-09-15,9360,9450,9180,9410,457853
2025-09-16,9570,9600,9300,9490,394057
2025-09-17,9300,9430,9190,9270,253101
2025-09-18,9320,10330,9170,10010,3062397
2025-09-19,10440,10580,9830,10140,1369613
2025-09-22,10330,10610,10250,10320,876621
2025-09-23,10470,10500,9890,10050,702540
2025-09-24,9990,10170,9750,10120,485911
2025-09-25,10150,10270,9990,10050,389706
2025-09-26,9920,9950,9490,9600,379213
2025-09-29,9580,9800,9470,9710,252700
2025-09-30,10310,10720,10030,10350,1500004
2025-10-01,10670,10830,10470,10660,881204
2025-10-02,11760,13100,11610,12060,9071133
2025-10-10,13000,13010,12300,12540,1806542
2025-10-13,11850,12390,11780,12310,1217740
2025-10-14,12650,12670,11460,11590,985648
2025-10-15,11570,12330,11480,12050,901394
2025-10-16,12030,12320,11850,12060,601370
2025-10-17,11900,12090,11610,11610,630141
2025-10-20,12000,12310,11810,12010,611769
2025-10-21,12310,12530,11980,12020,741283
2025-10-22,11950,11960,11550,11820,391219
2025-10-23,11540,11720,11340,11560,298352
2025-10-24,11880,12150,11700,11780,433408
2025-10-27,11780,11880,11510,11550,543532
2025-10-28,11550,11590,11270,11380,322459
2025-10-29,11560,12000,11200,11920,776960
2025-10-30,12010,12570,11670,12370,1096574
2025-10-31,12390,12590,12030,12540,745177
2025-11-03,12340,12360,12120,12180,645573
2025-11-04,12210,12240,11640,12020,609813
2025-11-05,11700,11750,10760,11280,596970
2025-11-06,11630,12440,11410,11890,1621154
2025-11-07,11550,11930,11210,11460,530605
2025-11-10,11780,11780,10930,11640,621422
2025-11-11,11810,12380,11750,11900,963034
2025-11-12,11800,12410,11420,12330,716655
2025-11-13,12910,12910,11700,11860,2047726
2025-11-14,11400,12170,11160,11270,910204
2025-11-17,11490,11530,11120,11250,352134
2025-11-18,10910,11020,10520,10550,500049
2025-11-19,10520,10530,10100,10160,305750
2025-11-20,10550,10640,10320,10340,241392
2025-11-21,9780,9910,9460,9490,358373
2025-11-24,9690,9760,9470,9540,169528
2025-11-25,9860,10000,9540,9650,169151
2025-11-26,9850,9870,9640,9800,168028
2025-11-27,10020,10080,9880,9940,162603
2025-11-28,10000,10280,9960,10260,188372
2025-12-01,10510,10590,10350,10400,274137
2025-12-02,10520,10530,10270,10400,160097
2025-12-03,10580,10600,10430,10510,140811
2025-12-04,10410,10420,10150,10320,158446
2025-12-05,10280,10280,10070,10240,288078
2025-12-08,10300,10300,10050,10150,170407
2025-12-09,10140,10200,10070,10080,110123
2025-12-10,10050,10150,9620,9960,194592
2025-12-11,10070,10070,9780,9860,168777
2025-12-12,9900,9900,9750,9790,175682
2025-12-15,9610,9740,9550,9650,113419
2025-12-16,9740,9740,9390,9390,156982
2025-12-17,9450,9560,9290,9470,114632
2025-12-18,9370,9390,9230,9230,136653
2025-12-19,9320,9360,9110,9240,111006
2025-12-22,9450,9900,9450,9890,211164
2025-12-23,9930,10060,9590,9630,163865
2025-12-24,9720,9730,9500,9500,88924
2025-12-26,9580,9800,9520,9680,142151
2025-12-29,10060,10500,9900,10010,688849
2025-12-30,9890,11380,9890,10960,2247770
2026-01-02,10850,11220,10710,11170,960911
2026-01-05,11860,11890,11100,11320,659048
2026-01-06,11240,12270,11130,12160,1270048
2026-01-07,12840,12990,12170,12500,1748878
2026-01-08,12200,12680,11890,11900,887894
2026-01-09,11540,11680,11130,11530,627401
2026-01-12,11690,11700,11000,11140,578691
2026-01-13,11150,11390,10920,11070,365789
2026-01-14,11160,11230,10860,10890,279804
2026-01-15,10750,11220,10590,11200,393811
2026-01-16,11410,11430,11050,11120,441956
2026-01-19,11140,11400,11030,11150,282776
2026-01-20,11050,11070,10500,10830,327550
2026-01-21,10560,11230,10500,11070,350781
2026-01-22,11310,11420,11000,11300,500796
2026-01-23,11530,11550,11030,11290,471869
2026-01-26,11280,11900,11250,11860,763744
2026-01-27,11930,12690,11500,12690,1263229
2026-01-28,14230,16490,13840,16490,11739297
2026-01-29,17100,17330,15350,15680,5013461
2026-01-30,15880,16270,15370,15650,2392579
2026-02-02,15690,16050,14750,14770,1412749
2026-02-03,15790,19090,15780,18770,11507234
2026-02-04,18000,18730,17540,18180,2987455
2026-02-05,17100,17710,16720,16880,1510921
2026-02-06,15940,17460,15350,16890,1851961
2026-02-09,18160,18320,17000,17390,1714624
2026-02-10,17190,17490,16600,16670,1087368
2026-02-11,16220,16530,15810,16200,833203
2026-02-12,16670,16750,16070,16200,1439731
2026-02-13,15990,17000,15910,16030,1409664
2026-02-19,16290,17540,16200,16760,2078546
2026-02-20,16640,16760,16150,16210,1227846
2026-02-23,16390,17390,16300,16470,1906255
2026-02-24,16500,18740,16500,17600,6348462
2026-02-25,18030,18870,17230,17840,3994442
2026-02-26,18670,19420,17560,18480,6204283
2026-02-27,17930,18480,17500,17920,1841255
2026-03-03,17190,17870,15970,15970,2321502
2026-03-04,15200,16340,13550,13550,2307933
2026-03-05,14870,16490,14650,15820,1855731
2026-03-06,15830,18600,15830,18410,4830145
2026-03-09,17260,18260,16470,17040,2118559
2026-03-10,18100,18890,17300,18670,3855564
2026-03-11,19120,21300,18030,19730,9148600
2026-03-12,19730,21200,19200,20300,3701929
2026-03-13,19600,19900,19010,19710,1798097
2026-03-16,19710,20800,19500,19670,1784984
2026-03-17,20350,20600,19080,19150,1751743
2026-03-18,19440,20250,19380,19730,827293
2026-03-19,19300,19510,19120,19480,143392
2026-03-20,18850,19430,18100,19100,1377660
